0 68.19 45.44
1 68.12 10.86
2 78.57 67.1
3 36.64 4.14
4 48.87 65.18
5 50.98 62.88
6 34.39 8.51
7 28.04 75.9
8 28.1 84.87
9 45.03 84.53
10 55.8 17.76
11 93.67 97.58
12 48.95 79.95
13 95.36 6.82
14 8.26 17.95
15 11.39 50.24
16 82.53 52.47
17 37.46 91.98
18 23.75 31.19
19 54.32 91.93
20 45.41 21.41
21 6.97 23.63
22 17.25 38.54
23 49.49 33.62
24 34.2 48.33
25 96.47 77.7
26 18.55 2.76
27 77.14 52.67
28 95.88 8.32
29 24.67 95.28
30 49.11 26.22
31 14.71 55.21
32 35.8 72.62
33 2.48 10.35
34 87.03 42.51
35 45.23 66.1
36 20.91 81.87
37 84.49 51.33
38 54.77 30.5
39 85.05 20.75